<svg width="24" height="24" viewBox="0 0 24 24" fill="none" xmlns="http://www.w3.org/2000/svg">
<g clip-path="url(#clip0_16_303)">
<path d="M17.5 12C17.5 11.65 17.5333 11.3125 17.6 10.9875C17.6667 10.6625 17.75 10.3333 17.85 10H19C19.1667 10 19.3167 9.96667 19.45 9.9C19.5833 9.83333 19.7 9.73333 19.8 9.6L20.475 8.7C20.625 8.5 20.6917 8.275 20.675 8.025C20.6583 7.775 20.5583 7.55833 20.375 7.375L19.675 6.675C19.4917 6.49167 19.2667 6.39583 19 6.3875C18.7333 6.37917 18.5 6.46667 18.3 6.65C17.5833 7.31667 17.0208 8.12917 16.6125 9.0875C16.2042 10.0458 16 11.0167 16 12C16 12.9833 16.2042 13.9542 16.6125 14.9125C17.0208 15.8708 17.5833 16.6833 18.3 17.35C18.5 17.5333 18.7333 17.6208 19 17.6125C19.2667 17.6042 19.4917 17.5083 19.675 17.325L20.375 16.625C20.5583 16.4417 20.6583 16.225 20.675 15.975C20.6917 15.725 20.625 15.5 20.475 15.3L19.8 14.4C19.7 14.2667 19.5833 14.1667 19.45 14.1C19.3167 14.0333 19.1667 14 19 14H17.85C17.75 13.7 17.6667 13.3792 17.6 13.0375C17.5333 12.6958 17.5 12.35 17.5 12ZM2 21C1.45 21 0.979167 20.8042 0.5875 20.4125C0.195833 20.0208 0 19.55 0 19V5C0 4.45 0.195833 3.97917 0.5875 3.5875C0.979167 3.19583 1.45 3 2 3H22C22.55 3 23.0208 3.19583 23.4125 3.5875C23.8042 3.97917 24 4.45 24 5V19C24 19.55 23.8042 20.0208 23.4125 20.4125C23.0208 20.8042 22.55 21 22 21H2ZM15.9 19H22V5H2V19H2.1C2.8 17.75 3.76667 16.7708 5 16.0625C6.23333 15.3542 7.56667 15 9 15C10.4333 15 11.7667 15.3542 13 16.0625C14.2333 16.7708 15.2 17.75 15.9 19ZM9 14C9.83333 14 10.5417 13.7083 11.125 13.125C11.7083 12.5417 12 11.8333 12 11C12 10.1667 11.7083 9.45833 11.125 8.875C10.5417 8.29167 9.83333 8 9 8C8.16667 8 7.45833 8.29167 6.875 8.875C6.29167 9.45833 6 10.1667 6 11C6 11.8333 6.29167 12.5417 6.875 13.125C7.45833 13.7083 8.16667 14 9 14ZM4.55 19H13.45C12.8833 18.3667 12.2125 17.875 11.4375 17.525C10.6625 17.175 9.85 17 9 17C8.15 17 7.34167 17.175 6.575 17.525C5.80833 17.875 5.13333 18.3667 4.55 19ZM9 12C8.71667 12 8.47917 11.9042 8.2875 11.7125C8.09583 11.5208 8 11.2833 8 11C8 10.7167 8.09583 10.4792 8.2875 10.2875C8.47917 10.0958 8.71667 10 9 10C9.28333 10 9.52083 10.0958 9.7125 10.2875C9.90417 10.4792 10 10.7167 10 11C10 11.2833 9.90417 11.5208 9.7125 11.7125C9.52083 11.9042 9.28333 12 9 12Z" fill="#183153"/>
</g>
<defs>
<clipPath id="clip0_16_303">
<rect width="24" height="24" fill="white"/>
</clipPath>
</defs>
</svg>
